20 20
-351720988
0 0 19 19 
5 9 6 9
19 19 18 19
6 18 6 19
10 6 11 6
12 11 12 12
3 7 3 6
9 7 10 7
8 9 8 10
17 8 17 9
6 6 7 6
5 5 6 5
16 19 15 19
11 1 11 0
0 12 0 11
4 0 4 1
6 4 6 3
11 2 12 2
9 10 8 10
6 18 7 18
1 5 0 5
8 16 8 15
1 2 0 2
4 14 4 15
6 2 6 1
3 1 2 1
16 16 16 15
13 12 12 12
12 16 11 16
5 8 5 7
2 7 1 7
12 1 12 2
7 19 8 19
7 18 8 18
17 14 18 14
8 2 7 2
0 14 0 13
4 13 4 12
18 11 19 11
10 3 10 2
16 15 15 15
11 12 10 12
16 14 16 15
17 9 18 9
17 1 16 1
16 12 16 11
13 4 12 4
13 3 12 3
2 1 2 2
10 6 10 7
4 11 4 12
19 18 18 18
13 4 13 3
3 5 3 4
15 3 16 3
5 0 6 0
12 8 11 8
3 11 3 12
11 11 11 10
17 4 17 3
13 15 12 15
15 17 15 16
17 13 17 14
3 5 2 5
4 10 5 10
17 17 18 17
0 12 1 12
11 1 11 2
12 15 11 15
9 4 9 5
10 16 11 16
14 14 13 14
2 12 2 13
3 12 4 12
16 8 15 8
1 16 1 15
18 4 18 3
14 11 15 11
14 0 14 1
1 16 2 16
7 16 7 17
6 14 5 14
7 2 7 1
6 12 6 13
13 11 13 10
5 18 6 18
9 7 9 6
3 11 3 10
13 12 14 12
15 1 15 2
9 11 9 10
19 6 19 7
15 1 14 1
18 8 19 8
7 6 8 6
13 11 12 11
16 0 17 0
10 1 9 1
18 19 18 18
2 18 2 17
4 2 4 1
3 1 3 2
8 14 7 14
16 13 17 13
14 5 13 5
18 13 18 14
0 18 1 18
13 10 13 9
10 7 10 8
11 10 12 10
0 4 0 3
18 5 19 5
1 9 1 10
19 1 18 1
6 11 7 11
9 1 8 1
19 17 19 16
6 5 6 6
6 18 6 17
13 17 12 17
19 8 19 7
7 4 7 5
15 0 15 1
7 17 8 17
11 1 10 1
0 10 0 9
12 1 13 1
19 9 19 8
15 7 14 7
15 7 15 6
9 17 9 16
19 6 19 5
18 11 18 12
2 2 2 3
3 1 4 1
5 7 4 7
16 0 16 1
7 3 7 2
9 2 9 3
9 12 8 12
15 3 15 4
19 1 19 2
6 1 5 1
8 12 7 12
16 12 16 13
6 0 7 0
4 14 3 14
7 12 7 11
5 11 5 12
17 4 17 5
17 0 18 0
5 5 4 5
1 0 2 0
13 15 13 14
19 2 19 3
3 0 3 1
0 3 0 2
10 14 11 14
8 13 7 13
3 2 3 3
11 10 11 9
2 14 1 14
18 17 18 16
15 14 15 13
19 1 19 0
11 0 10 0
3 17 3 16
14 5 14 4
18 11 17 11
16 15 17 15
0 0 0 1
7 5 8 5
14 12 15 12
19 0 18 0
10 8 10 9
9 4 9 3
15 14 14 14
3 15 3 14
11 7 10 7
1 15 2 15
18 16 18 15
13 15 13 16
11 11 10 11
16 11 16 10
9 17 8 17
19 10 19 11
6 2 5 2
2 8 2 9
11 8 10 8
1 12 1 11
19 10 18 10
1 11 2 11
10 17 11 17
4 6 4 7
11 4 12 4
16 10 17 10
8 2 8 3
19 14 19 15
5 3 5 4
7 12 7 13
18 4 17 4
1 6 1 7
1 12 1 13
11 18 10 18
7 16 8 16
2 3 2 4
19 14 18 14
11 18 12 18
10 11 10 10
5 14 5 13
2 15 2 14
13 14 13 13
4 13 3 13
11 14 12 14
11 2 11 3
15 17 15 18
17 10 18 10
14 16 14 17
5 9 5 10
15 7 16 7
13 10 12 10
3 15 3 16
10 11 10 12
14 16 13 16
11 0 12 0
11 7 12 7
0 19 1 19
14 0 13 0
2 7 2 6
17 2 18 2
5 11 6 11
6 12 5 12
9 8 10 8
2 14 3 14
13 16 13 17
18 8 18 9
6 0 6 1
18 19 17 19
19 17 18 17
17 9 16 9
18 1 18 2
19 12 19 11
8 10 8 11
3 14 3 13
3 13 2 13
8 9 9 9
0 15 0 14
8 6 8 7
6 19 5 19
17 10 17 9
12 3 11 3
0 13 0 12
2 11 2 10
2 16 2 17
9 5 9 6
18 6 18 7
1 16 0 16
15 12 15 11
4 16 3 16
17 3 17 2
7 19 6 19
9 1 9 2
15 9 15 8
0 19 0 18
18 7 18 8
1 14 0 14
12 4 12 5
1 6 0 6
11 4 11 5
3 19 4 19
11 4 10 4
12 8 12 9
7 2 6 2
1 4 2 4
3 7 4 7
3 10 4 10
10 9 10 10
5 9 4 9
19 3 19 4
8 3 8 4
5 10 6 10
16 10 15 10
0 5 0 4
14 1 14 2
8 10 7 10
6 15 7 15
1 10 2 10
15 19 15 18
10 11 9 11
18 17 18 18
15 2 15 3
9 4 8 4
7 5 6 5
1 10 0 10
7 9 7 8
5 5 5 6
13 10 14 10
10 15 9 15
16 14 16 13
11 16 11 17
9 19 9 18
8 5 9 5
15 1 16 1
11 14 11 13
15 15 15 16
2 4 3 4
13 0 12 0
15 16 14 16
13 18 12 18
14 13 14 12
13 17 13 18
13 6 13 7
13 6 14 6
14 17 14 18
18 4 18 5
10 6 10 5
3 4 4 4
8 12 8 11
14 7 14 8
9 3 10 3
16 19 17 19
6 8 6 7
6 4 6 5
6 3 5 3
17 13 17 12
15 4 15 5
12 19 11 19
6 17 6 16
7 7 7 8
18 13 19 13
9 13 9 14
15 18 16 18
13 13 12 13
14 6 14 7
7 10 6 10
0 2 0 1
1 9 2 9
4 1 5 1
8 0 8 1
1 1 1 0
4 9 4 8
12 7 13 7
15 10 15 9
15 5 16 5
10 15 11 15
13 4 14 4
10 18 10 17
13 15 14 15
10 19 11 19
4 5 4 6
5 7 6 7
15 17 16 17
12 15 12 14
0 0 1 0
1 4 1 3
2 7 3 7
10 18 9 18
9 17 10 17
17 6 17 7
9 18 8 18
3 0 2 0
6 15 6 14
7 10 7 9
9 1 9 0
7 13 7 14
4 19 4 18
18 18 17 18
12 6 13 6
5 13 6 13
10 14 9 14
7 8 8 8
16 3 16 2
14 9 14 8
10 14 10 13
17 17 17 16
4 15 5 15
13 18 13 19
0 8 1 8
4 3 5 3
0 18 0 17
14 8 13 8
1 17 1 18
0 9 0 8
13 19 14 19
0 16 0 17
3 17 4 17
12 2 13 2
9 19 10 19
3 9 4 9
0 8 0 7
17 6 18 6
16 4 16 5
1 19 2 19
4 19 5 19
3 9 3 8
2 18 3 18
14 4 14 3
4 16 5 16
4 17 5 17
16 5 16 6
