30 30
-2053456970
18 26 19 26 
18 4 18 3
26 14 26 13
8 11 8 12
3 9 3 10
19 15 20 15
3 0 3 1
26 18 26 17
15 28 16 28
5 16 5 15
10 8 11 8
22 23 23 23
15 19 15 20
27 29 27 28
19 26 20 26
24 23 25 23
18 12 17 12
16 25 16 26
18 9 19 9
29 25 29 24
19 18 20 18
3 23 3 22
9 17 9 16
20 3 20 2
26 20 27 20
7 26 6 26
4 6 4 5
21 25 21 26
20 19 20 18
11 20 12 20
29 9 29 8
11 5 11 4
6 7 7 7
10 24 10 23
11 2 11 3
8 26 9 26
12 9 11 9
29 13 28 13
16 29 16 28
27 14 27 15
9 1 9 2
23 6 24 6
6 9 6 10
4 15 4 14
28 23 27 23
27 25 27 24
5 3 6 3
22 4 22 5
4 22 4 23
3 20 3 19
9 19 9 18
13 22 13 21
17 15 17 14
11 16 10 16
10 19 10 18
18 24 18 25
11 4 12 4
26 4 26 5
25 18 26 18
18 11 19 11
9 17 9 18
0 9 0 8
28 1 27 1
21 21 21 20
14 19 13 19
2 20 2 21
0 19 0 18
21 18 21 17
18 21 17 21
16 6 16 5
21 18 21 19
4 15 3 15
19 23 19 22
6 8 7 8
8 23 7 23
26 17 27 17
17 18 16 18
2 22 1 22
21 24 20 24
27 24 26 24
27 0 28 0
10 18 11 18
7 25 7 26
17 11 16 11
13 12 12 12
19 20 19 21
17 4 16 4
20 28 20 27
2 2 3 2
17 7 16 7
19 15 19 16
26 4 25 4
4 16 5 16
0 26 1 26
16 21 16 22
15 23 15 22
6 21 6 20
23 10 22 10
18 24 18 23
29 16 29 15
16 9 16 10
20 21 21 21
9 9 9 8
9 11 8 11
24 26 23 26
0 18 0 17
16 21 15 21
13 10 12 10
9 15 8 15
1 21 1 22
26 26 26 25
14 13 13 13
17 15 18 15
27 13 27 14
5 24 5 25
7 2 7 3
24 15 24 16
18 7 18 8
4 25 4 26
17 22 18 22
6 0 5 0
1 25 2 25
14 26 14 25
3 23 3 24
6 16 5 16
23 3 22 3
23 16 23 17
27 15 28 15
12 15 12 16
24 5 24 4
0 27 0 28
12 8 12 7
29 14 28 14
1 18 1 19
0 16 0 17
20 27 21 27
20 28 20 29
10 11 10 12
20 14 20 13
26 20 25 20
1 27 1 26
12 20 12 19
18 4 18 5
14 14 14 13
25 3 24 3
12 15 11 15
11 26 11 27
27 16 27 15
5 5 5 4
8 7 9 7
13 7 13 8
8 16 7 16
10 0 11 0
18 19 18 20
20 1 20 0
14 5 13 5
6 0 7 0
23 22 23 23
25 29 26 29
1 16 1 15
14 29 13 29
20 8 20 9
18 27 18 28
2 24 2 25
18 3 18 2
17 23 18 23
22 15 21 15
11 1 11 2
27 19 27 20
10 9 10 10
27 3 27 2
3 28 2 28
3 7 3 8
0 16 1 16
24 20 24 21
11 26 10 26
29 18 28 18
16 24 15 24
25 29 25 28
19 7 19 6
3 23 2 23
25 3 25 2
22 20 21 20
2 0 2 1
26 20 26 21
15 22 15 21
1 27 0 27
13 16 12 16
24 1 23 1
21 23 21 22
12 19 11 19
1 26 1 25
18 16 19 16
17 25 16 25
1 10 1 9
13 6 13 5
22 11 23 11
1 13 0 13
4 8 5 8
0 13 0 12
10 10 10 11
20 4 20 5
25 13 26 13
21 11 21 12
16 23 15 23
11 0 11 1
27 26 27 25
3 14 3 15
9 23 8 23
16 3 16 4
29 26 29 27
19 8 20 8
9 3 9 4
11 23 11 22
17 7 17 6
26 2 26 1
6 6 6 7
9 0 9 1
11 9 10 9
22 4 21 4
21 27 21 28
12 24 12 25
8 16 8 15
24 5 24 6
22 7 21 7
3 11 2 11
27 4 27 3
4 26 4 27
1 8 1 9
11 3 10 3
25 16 24 16
24 26 24 27
2 27 2 26
25 7 25 8
7 12 8 12
21 14 21 15
25 6 25 7
8 22 7 22
29 7 29 6
19 13 19 12
14 25 13 25
19 22 20 22
15 15 15 16
16 3 17 3
6 25 5 25
11 27 10 27
23 26 23 25
24 15 24 14
21 10 22 10
25 20 25 21
16 0 15 0
16 2 16 3
23 6 23 7
16 14 16 15
3 0 2 0
8 28 8 29
6 17 5 17
28 9 28 8
1 26 2 26
11 27 11 28
27 23 26 23
16 11 16 10
12 25 13 25
23 23 24 23
23 12 22 12
20 26 20 25
21 11 21 10
22 19 22 18
28 25 28 24
7 21 8 21
0 24 0 23
27 25 28 25
13 10 13 9
19 6 19 5
25 16 26 16
14 17 14 18
3 13 3 12
3 0 4 0
29 16 28 16
17 7 18 7
21 4 21 5
17 1 17 2
3 2 3 1
22 17 21 17
18 13 19 13
14 6 14 7
28 20 28 21
28 11 28 12
24 16 24 17
10 7 10 8
17 1 17 0
4 12 5 12
19 20 18 20
17 14 18 14
3 26 3 25
29 1 28 1
13 19 12 19
25 7 24 7
21 21 21 22
4 10 4 9
13 5 12 5
18 2 18 1
17 21 17 22
8 11 8 10
18 6 18 7
18 15 18 16
26 20 26 19
12 9 13 9
2 16 1 16
25 28 26 28
21 9 22 9
8 5 8 6
6 16 6 15
10 17 10 18
5 5 5 6
3 22 2 22
15 9 15 8
19 24 19 23
25 15 25 16
8 18 8 17
21 6 21 7
7 14 7 15
0 28 0 29
20 26 20 27
6 26 6 27
21 3 22 3
12 0 13 0
25 8 24 8
29 11 29 12
10 23 11 23
3 22 3 21
4 8 4 9
16 14 15 14
9 11 9 10
29 12 28 12
11 3 12 3
0 29 1 29
29 7 29 8
14 27 14 28
13 21 13 20
11 7 11 8
27 7 27 6
19 0 18 0
2 14 1 14
7 27 6 27
26 5 27 5
11 2 10 2
14 4 13 4
11 20 10 20
19 2 19 3
22 0 22 1
8 26 8 27
16 5 17 5
16 6 17 6
6 13 5 13
23 11 23 10
8 26 7 26
11 7 12 7
10 11 9 11
0 7 1 7
7 16 6 16
15 26 16 26
26 29 27 29
19 25 20 25
3 29 4 29
11 19 10 19
29 0 28 0
13 16 13 17
17 8 16 8
18 12 18 13
13 0 13 1
9 21 10 21
25 16 25 17
1 20 2 20
23 15 23 14
9 28 10 28
7 18 6 18
12 8 13 8
22 4 23 4
18 8 18 9
12 2 12 1
23 5 24 5
7 25 6 25
6 1 7 1
16 12 17 12
23 28 23 29
27 4 27 5
21 26 22 26
25 17 26 17
1 9 2 9
19 15 19 14
22 24 22 23
29 6 28 6
17 4 18 4
26 13 26 12
3 17 2 17
4 25 5 25
15 19 16 19
19 21 19 22
7 7 7 6
29 20 29 19
20 18 21 18
23 4 23 5
12 11 12 10
9 25 9 26
7 19 8 19
4 6 5 6
12 23 13 23
27 5 28 5
17 16 17 17
9 22 8 22
18 29 18 28
29 2 29 1
9 5 9 6
16 23 16 24
8 9 8 10
24 14 24 13
23 10 24 10
21 14 22 14
7 12 7 13
18 28 17 28
9 21 8 21
16 0 17 0
23 25 22 25
2 25 3 25
15 12 15 11
22 7 22 6
2 17 2 18
9 8 9 7
20 10 21 10
26 5 25 5
24 29 24 28
19 6 18 6
12 28 12 27
9 19 10 19
8 13 7 13
4 25 3 25
21 28 21 29
7 2 7 1
24 26 24 25
6 0 6 1
20 2 21 2
21 27 22 27
14 2 14 1
1 13 1 12
17 4 17 5
28 22 28 21
9 9 10 9
8 16 8 17
16 2 17 2
23 24 22 24
6 23 7 23
18 2 19 2
4 13 3 13
13 27 12 27
10 26 10 25
25 29 24 29
5 16 5 17
14 18 13 18
27 24 27 23
23 28 24 28
5 15 5 14
21 28 22 28
1 23 1 24
5 1 5 0
8 7 8 8
19 29 18 29
26 27 26 26
9 8 10 8
10 15 11 15
11 22 12 22
27 0 27 1
15 3 15 2
19 22 18 22
15 21 15 20
16 28 16 27
10 17 11 17
21 7 20 7
3 16 3 15
28 16 28 17
29 6 29 5
23 13 23 14
13 26 12 26
23 9 23 8
15 3 15 4
6 5 5 5
0 11 0 10
3 13 3 14
3 11 3 12
24 16 23 16
8 5 9 5
8 5 7 5
19 26 19 27
23 10 23 9
27 10 26 10
8 22 8 23
5 29 5 28
6 2 5 2
5 7 5 6
0 7 0 8
28 28 28 27
17 23 16 23
11 25 11 24
2 0 1 0
25 22 26 22
10 21 10 22
23 2 23 1
27 11 28 11
2 27 2 28
22 13 22 14
22 6 23 6
2 5 3 5
14 22 14 23
13 27 14 27
10 6 10 5
29 28 29 29
5 24 5 23
29 26 29 25
12 2 11 2
13 22 12 22
1 0 1 1
25 19 26 19
29 29 28 29
29 25 28 25
18 13 17 13
2 15 2 16
27 9 26 9
22 11 22 12
28 11 28 10
21 14 21 13
13 2 14 2
9 22 10 22
4 5 4 4
1 19 1 20
19 12 20 12
13 26 13 27
26 19 26 18
24 18 24 19
21 8 21 9
9 14 9 13
2 18 2 19
15 28 15 27
23 13 22 13
11 4 10 4
12 28 11 28
7 19 7 18
23 0 22 0
17 0 18 0
3 14 2 14
25 22 25 21
21 14 20 14
15 11 16 11
25 5 25 6
29 15 28 15
19 13 20 13
8 24 8 25
10 26 9 26
29 4 29 5
5 4 5 3
18 14 18 13
9 21 9 20
5 28 6 28
1 0 0 0
18 26 18 27
1 12 1 11
8 14 7 14
9 14 10 14
28 2 27 2
21 23 21 24
22 26 22 25
23 17 23 18
24 26 25 26
13 22 14 22
3 20 2 20
0 19 1 19
25 2 24 2
0 6 1 6
17 11 18 11
5 12 5 11
13 4 13 5
7 6 7 5
23 16 22 16
6 12 6 13
10 16 10 17
18 1 19 1
4 27 5 27
22 15 22 16
19 17 19 18
6 13 7 13
23 8 23 7
11 20 11 21
18 9 17 9
16 19 16 18
16 26 17 26
7 17 6 17
19 2 20 2
8 26 8 25
28 25 28 26
11 16 12 16
4 19 5 19
6 23 5 23
14 16 13 16
18 9 18 10
11 25 12 25
15 7 16 7
14 26 13 26
0 9 1 9
17 27 17 28
17 16 17 15
22 9 23 9
21 15 21 16
0 9 0 10
2 10 1 10
19 3 19 4
6 27 6 28
6 20 6 19
21 21 22 21
3 26 3 27
12 4 13 4
24 21 24 22
7 20 8 20
5 23 4 23
10 24 10 25
6 23 6 22
26 22 27 22
10 2 10 1
16 29 17 29
6 13 6 14
0 1 1 1
13 19 13 20
29 13 29 12
18 24 17 24
9 5 10 5
7 2 8 2
27 6 28 6
14 3 14 2
26 25 26 24
1 21 2 21
9 4 8 4
28 27 27 27
28 14 28 15
28 23 29 23
26 22 26 23
3 29 2 29
15 2 15 1
6 17 6 18
27 13 27 12
8 21 8 20
12 24 13 24
0 7 0 6
3 5 4 5
17 8 17 7
27 0 26 0
4 23 4 24
12 13 12 12
18 12 18 11
21 9 20 9
7 24 8 24
12 4 12 3
13 18 13 19
29 22 29 23
13 2 13 3
11 23 12 23
11 18 12 18
27 20 28 20
28 20 29 20
5 26 5 27
22 8 22 9
4 27 4 28
11 5 11 6
5 29 6 29
24 28 24 27
9 3 9 2
24 4 25 4
9 6 9 7
24 13 25 13
29 27 29 28
9 15 10 15
5 11 6 11
13 17 12 17
19 11 20 11
1 27 1 28
23 19 23 18
29 19 28 19
25 23 25 24
25 15 26 15
1 7 2 7
27 15 26 15
1 13 1 14
18 11 18 10
10 4 10 5
19 10 20 10
5 21 5 20
18 20 17 20
14 11 14 12
0 16 0 15
5 21 6 21
21 23 20 23
27 21 27 20
15 11 15 10
6 25 6 24
11 13 10 13
22 27 23 27
17 9 17 10
25 18 24 18
21 1 21 0
26 28 26 27
25 20 24 20
3 20 4 20
28 10 27 10
15 1 16 1
12 0 11 0
14 29 14 28
3 9 3 8
4 3 4 4
2 13 2 14
3 22 4 22
20 17 21 17
12 5 12 6
23 9 24 9
18 23 19 23
6 18 5 18
1 17 1 16
29 16 29 17
4 1 4 2
7 12 7 11
0 23 1 23
4 29 4 28
27 3 26 3
17 25 17 24
3 19 2 19
24 0 25 0
15 8 16 8
10 27 10 28
1 23 2 23
23 28 23 27
9 23 9 24
12 20 12 21
4 9 5 9
24 11 23 11
20 10 20 11
13 15 14 15
4 17 3 17
2 16 3 16
15 5 16 5
17 19 17 18
26 14 25 14
15 24 15 25
25 10 25 11
22 1 23 1
22 20 23 20
16 12 16 13
10 27 9 27
19 24 20 24
22 17 23 17
6 3 6 4
14 14 14 15
12 13 13 13
9 11 9 12
25 2 26 2
3 12 4 12
24 10 25 10
28 10 29 10
18 29 17 29
3 9 2 9
28 17 28 18
1 5 2 5
6 12 5 12
29 21 29 22
24 23 24 22
13 10 13 11
28 4 28 5
11 29 12 29
7 5 7 4
16 1 16 2
22 19 22 20
19 16 20 16
25 25 26 25
19 29 19 28
27 9 28 9
6 19 6 18
28 27 29 27
3 12 2 12
11 29 11 28
8 5 8 4
25 12 25 13
1 20 0 20
27 2 26 2
11 14 12 14
22 23 22 22
10 10 11 10
27 1 26 1
4 11 4 12
22 29 21 29
23 21 22 21
20 5 20 6
7 11 7 10
5 8 5 7
18 17 17 17
9 13 10 13
3 3 3 2
0 12 0 11
8 8 7 8
6 7 5 7
6 22 5 22
2 2 1 2
16 17 15 17
4 22 4 21
4 4 3 4
3 6 3 7
3 6 2 6
8 28 8 27
20 5 19 5
21 4 21 3
24 11 24 12
13 20 14 20
19 1 20 1
16 20 16 19
0 24 0 25
4 0 4 1
9 28 9 29
6 2 6 1
3 3 4 3
27 17 27 18
27 5 27 6
25 2 25 1
23 2 24 2
15 17 15 18
28 4 28 3
18 18 18 17
7 10 7 9
1 22 0 22
7 28 6 28
4 7 5 7
5 3 5 2
13 29 13 28
22 0 21 0
14 9 14 10
0 13 0 14
10 12 10 13
2 18 3 18
6 11 6 10
24 0 23 0
0 5 1 5
0 20 0 21
28 10 28 9
13 6 14 6
10 29 10 28
7 16 7 15
8 1 8 0
3 8 2 8
5 18 5 19
10 12 11 12
18 19 19 19
9 1 8 1
20 21 20 20
29 2 29 3
12 13 12 14
28 7 29 7
14 8 14 7
27 13 28 13
0 5 0 4
15 7 15 6
26 6 25 6
0 4 0 3
25 26 25 27
22 3 22 2
13 14 13 15
23 24 24 24
26 8 25 8
7 3 8 3
27 9 27 8
26 12 26 11
5 10 4 10
1 3 1 4
7 28 7 29
25 10 25 9
11 10 11 11
4 19 4 18
27 7 26 7
16 16 15 16
2 2 2 3
1 4 1 5
1 2 0 2
2 5 2 4
15 29 16 29
14 29 15 29
16 16 17 16
16 14 17 14
15 12 15 13
14 0 15 0
14 0 14 1
14 8 14 9
14 10 14 11
14 12 14 13
14 3 14 4
16 17 17 17
15 18 15 19
25 24 25 25
18 24 19 24
14 20 14 21
13 24 14 24
